# ziv soak run
# started: 2026-09-17T19:41:16Z
# src: https://uk1s3.embassy.ebi.ac.uk/idr/zarr/v0.4/idr0048A/9846152.zarr
# duration_secs: 3600  sample_interval_secs: 20
# image: 19120x13350  cold_identifiers: <sub-regions>
# pid: 63326
# columns: elapsed_secs rss_kb fd_count
21 3782416 832
64 4409648 477
105 4914128 450
146 5091984 442
187 5422416 451
228 5164032 492
269 5458368 456
310 5572960 491
351 5494432 441
392 5995856 444
434 5909056 453
475 5193584 501
516 5559200 458
557 5848960 463
598 5772896 452
639 5955856 453
680 5906336 451
721 5506624 453
762 5698384 448
803 5664192 455
844 5856832 502
885 5845824 448
926 6232928 500
967 6347072 465
1009 5419584 449
1050 5688592 450
1091 5819216 449
1132 5395728 504
1173 5868128 450
1214 6043216 504
1255 5583312 494
1296 5666272 448
1337 5694672 457
1378 5178240 435
1419 5069648 444
1460 5592240 446
1501 5784592 457
1543 5769456 447
1584 5532384 450
1625 5469696 452
1666 5535744 467
1707 5495216 448
1748 5785152 442
1789 5415328 458
1830 5350784 447
1871 5871920 445
1912 5689920 447
1953 6127728 502
1994 6170016 463
2035 5752144 462
2076 6149888 458
2118 5802448 450
2159 5207248 446
2200 5543392 450
2241 5724096 507
2282 5712608 444
2323 6141248 506
2364 6363456 443
2405 6134128 446
2446 5675296 455
2487 5666496 447
2529 6076176 462
2570 5047408 496
2611 5100912 451
2652 4655632 493
2693 5786256 494
2734 5958240 444
2775 6207808 438
2816 5877440 487
2857 5723248 449
2898 4766704 455
2939 5352112 446
2981 5838288 457
3022 5686176 448
3063 5661376 447
3104 6069936 445
3145 6482080 439
3186 6249280 446
3227 5151856 443
3268 5936704 462
3309 6289920 437
3350 6564864 456
3391 6397728 445
3433 6200480 461
3474 5841184 435
3515 6303136 443
3556 6022096 480
3597 6088336 458
